1139722,-0.043
1168425,-0.067
1182265,-0.071
1195599,-0.086
1208828,-0.065
1234069,-0.082
1250385,-0.087
1263844,-0.080
1276986,-0.084
1290231,-0.089
1303452,-0.084
1316648,-0.082
1329828,-0.091
1343034,-0.088
1356181,-0.066
1382496,-0.152
1397923,-0.093
1411706,-0.111
1424958,-0.115
1438123,-0.088
1451275,-0.086
1464535,-0.042
1477686,-0.304
1490887,-1.127
1504025,-1.146
1517182,-1.264
1530478,-1.014
1543661,-0.653
1556828,-0.434
1570034,-0.301
1583226,-0.309
1596468,-0.323
1609740,-0.358
1622950,-0.367
1636151,-0.326
1663633,-0.234
1679496,-0.140
1693002,-0.019
1706239,0.126
1719413,0.191
1732541,0.255
1745729,0.329
1758865,0.335
1771999,0.337
1798944,0.305
1813840,0.326
1826955,0.341
1840100,0.309
1853222,0.227
1866441,0.115
1879564,0.009
1892753,-0.021
1905923,0.022
1919066,0.002
1932271,-0.019
1945444,0.099
1958642,-0.391
1971824,-0.039
1984958,-0.128
1998196,-0.127
2011424,-0.128
2024757,-0.120
2037958,-0.105
2051281,-0.127
2064578,-0.111
2090180,-0.097
2106462,-0.108
2120123,-0.108
2133385,-0.107
2146637,-0.112
2162438,-0.100
2175745,-0.106
2188958,-0.079
2214548,-0.096
2230000,-0.103
2243824,-0.096
2257000,-0.103
2270243,-0.095
2283496,-0.081
2296722,-0.082
2310066,-0.092
2323281,-0.073
2336462,-0.076
2349723,-0.101
2362947,-0.088
2376263,-0.140
2389592,-0.064
2402844,-0.066
2416066,-0.057
2429430,-0.066
2442701,-0.074
2455964,-0.067
2469275,-0.074
2482535,-0.052
2495753,-0.065
2520686,-0.069
2536478,-0.078
2550034,-0.059
2563301,0.009
2576491,-0.064
2589777,-0.063
2603057,-0.071
2616238,-0.076
2643824,-0.071
2660669,-0.075
2673887,-0.068
2687066,-0.063
2700281,-0.076
2713462,-0.073
2726757,-0.075
2739958,-0.077
2753243,-0.072
2766496,-0.073
2779757,-0.067
2793010,-0.075
2806301,-0.075
2819568,-0.069
2832913,-0.069
2846225,-0.076
2859584,-0.071
2872828,-0.071
2886069,-0.065
2899361,-0.097
2912648,-0.083
2925869,-0.096
2951416,-0.074
2967783,-0.100
2981353,-0.100
2994543,-0.086
3007836,-0.076
3021111,-0.088
3034314,-0.087
3060828,-0.093
3075243,-0.091
3088502,-0.085
3101722,-0.086
3114985,-0.099
3128281,-0.105
3143322,-0.105
3155862,-0.098
3168452,-0.100
3181057,-0.094
3193568,-0.099
3206230,-0.093
3218753,-0.098
3231454,-0.109
3244052,-0.098
3256584,-0.104
3269130,-0.097
3281706,-0.100
3294278,-0.107
3306876,-0.096
3319438,-0.103
3332105,-0.104
3344655,-0.102
3368549,-0.107
3384543,-0.108
3397172,-0.103
3409701,-0.107
3422301,-0.103
3434828,-0.105
3447359,-0.100
3459885,-0.103
3472416,-0.102
3484958,-0.103
3497512,-0.103
3510088,-0.100
3522725,-0.104
3549151,-0.105
3563512,-0.095
3576130,-0.098
3588706,-0.100
3603617,-0.095
3617263,-0.101
3630869,-0.105
3644496,-0.104
3658110,-0.103
3671745,-0.105
3685361,-0.101
3699080,-0.101
3712646,-0.096
3726291,-0.096
3739909,-0.098
3753570,-0.105
3767188,-0.101
3793231,-0.096
3809931,-0.101
3823887,-0.102
3837477,-0.101
3851123,-0.093
3864701,-0.108
3878339,-0.095
3892010,-0.089
3905599,-0.100
3919225,-0.101
3932862,-0.095
3946496,-0.100
3960103,-0.099
3986253,-0.096
4002180,-0.098
4016399,-0.094
4030123,-0.096
4043783,-0.100
4057406,-0.092
4071145,-0.098
4084745,-0.107
4100783,-0.096
4114678,-0.098
4128568,-0.094
4142496,-0.102
4156452,-0.091
4170352,-0.094
4184361,-0.098
4198390,-0.096
4212385,-0.083
4237990,-0.091
4254462,-0.099
4268686,-0.098
4282646,-0.091
4296562,-0.095
4310533,-0.096
4324454,-0.095
4338478,-0.083
4352406,-0.096
4366278,-0.096
4380281,-0.109
4394151,-0.079
4421905,-0.086
4437496,-0.083
4451416,-0.087
4465438,-0.103
4479518,-0.083
4493478,-0.091
4507468,-0.090
4521361,-0.096
4535281,-0.094
4549151,-0.089
4563162,-0.089
4577041,-0.092
4591016,-0.096
4604931,-0.092
4621277,-0.094
4635278,-0.093
4649390,-0.096
4663385,-0.093
4689776,-0.099
4706869,-0.094
4721103,-0.091
4735077,-0.085
4749093,-0.082
4763130,-0.099
4777048,-0.099
4791010,-0.086
4804964,-0.092
4818972,-0.093
4832922,-0.093
4859238,-0.089
4875454,-0.098
4890077,-0.093
4903978,-0.093
4917885,-0.097
4931836,-0.091
4945753,-0.096
4959824,-0.096
4973741,-0.095
4987686,-0.098
5001684,-0.079
5015706,-0.095
5029607,-0.086
5043623,-0.080
5057578,-0.093
5071609,-0.096
5085607,-0.097
5099661,-0.093
5113578,-0.090
5156331,-0.043
5174340,-0.092
5189487,-0.092
5204757,-0.094
5219887,-0.102
5234990,-0.097
5250196,-0.100
5265456,-0.109
5280676,-0.094
5311688,-0.099
5330609,-0.098
5345999,-0.096
5361103,-0.100
5376192,-0.101
5391314,-0.101
5406418,-0.099
5421686,-0.101
5436803,-0.102
5452058,-0.099
5467171,-0.092
5482430,-0.094
5497546,-0.099
5512676,-0.097
5527913,-0.099
5543058,-0.108
5558257,-0.098
5573406,-0.101
5588673,-0.098
5603887,-0.094
5619105,-0.098
5646003,-0.097
5664522,-0.096
5680103,-0.108
5695243,-0.096
5712788,-0.108
5727900,-0.094
5743066,-0.102
5758211,-0.083
5788103,-0.107
5803803,-0.096
5818939,-0.095
5834057,-0.098
5849263,-0.099
5864380,-0.081
5879584,-0.097
5894873,-0.094
5910016,-0.096
5925211,-0.099
5940353,-0.093
5955466,-0.098
5970599,-0.097
5985757,-0.099
6000964,-0.095
6016171,-0.099
6031353,-0.102
6046650,-0.109
6061978,-0.097
6077171,-0.095
6092390,-0.103
6107650,-0.099
6134469,-0.103
6153148,-0.083
6168291,-0.095
6183403,-0.101
6198534,-0.104
6213688,-0.095
6228900,-0.090
6257848,-0.098
6279206,-0.096
6294326,-0.098
6309444,-0.094
6324561,-0.084
6339722,-0.094
6354848,-0.097
6370182,-0.105
6385482,-0.098
6400648,-0.095
6415803,-0.100
6431034,-0.097
6446229,-0.103
6461518,-0.099
6476799,-0.094
6492093,-0.096
6507279,-0.100
6522525,-0.101
6537720,-0.094
6552987,-0.097
6568185,-0.093
6583487,-0.094
6598720,-0.098
6624745,-0.096
6643482,-0.100
6658733,-0.097
6673888,-0.096
6689066,-0.090
6704211,-0.097
6731786,-0.094
6750525,-0.099
6765706,-0.082
6780861,-0.101
6796003,-0.091
6811229,-0.083
6828817,-0.093
6844015,-0.098
6859247,-0.096
6874390,-0.097
6889676,-0.091
6904832,-0.096
6920002,-0.101
6935257,-0.097
6950487,-0.097
6965840,-0.100
6981172,-0.089
6996442,-0.097
7011686,-0.101
7026927,-0.098
7042231,-0.098
7057418,-0.094
7072676,-0.104
7087913,-0.097
7114662,-0.096
7133326,-0.097
7148560,-0.099
7163720,-0.100
7179066,-0.106
7208057,-0.099
7227058,-0.096
7242211,-0.098
7257353,-0.099
7272499,-0.091
7287676,-0.098
7302832,-0.094
7318016,-0.109
7333289,-0.100
7348554,-0.100
7363777,-0.080
7381545,-0.079
7396720,-0.098
7411987,-0.097
7427243,-0.104
7442487,-0.095
7457799,-0.090
7473136,-0.104
7488403,-0.092
7503776,-0.087
7518990,-0.086
7534281,-0.091
7549456,-0.089
7564678,-0.090
7579951,-0.094
7605978,-0.086
7624673,-0.091
7639862,-0.094
7655132,-0.091
7682757,-0.103
7701442,-0.081
7716609,-0.094
7731777,-0.088
7746950,-0.085
7762105,-0.086
7777282,-0.087
7792525,-0.083
7807706,-0.086
7823077,-0.079
7838259,-0.086
7853403,-0.080
7868570,-0.082
7883900,-0.083
7899180,-0.080
7914442,-0.076
7932227,-0.080
7947572,-0.084
7962964,-0.079
7978279,-0.079
7993525,-0.079
8008803,-0.080
8024180,-0.079
8039365,-0.080
8054609,-0.092
8069927,-0.082
8096876,-0.080
8115635,-0.080
8130900,-0.083
8159935,-0.079
8178950,-0.076
8194105,-0.075
8209281,-0.078
8224418,-0.092
8239584,-0.032
8254757,-0.069
8270048,-0.055
8285229,-0.033
8300430,-0.062
8315650,-0.037
8330913,-0.064
8346105,-0.053
8361390,-0.061
8376572,-0.059
8391964,-0.054
8407257,-0.094
8422599,-0.072
8437927,-0.074
8453144,-0.102
8468326,-0.108
8483599,-0.015
8498326,-0.116
8513686,-0.122
8528999,-0.055
8544263,-0.136
8559456,-0.113
8585661,-0.135
8604403,-0.123
8619706,-0.134
8649688,-0.209
8665487,-0.199
8680673,-0.187
8695900,-0.203
8711149,-0.131
8726416,-0.194
8741650,-0.170
8756950,-0.338
8772149,-0.348
8787356,-0.270
8802536,-0.368
8817757,-0.404
8832951,-0.352
8848406,-0.365
8863757,-0.434
8879080,-0.517
8894302,-0.366
8909745,-0.610
8925057,-0.431
8940406,1.172
8955646,2.000
8970960,1.698
8986278,1.097
9001580,0.748
9016869,0.737
9032098,0.836
9049869,0.929
9076753,0.637
9095463,0.409
9126256,0.176
9142909,0.163
9158098,0.117
9173267,-0.028
9188487,-0.321
9203677,-0.722
9218901,-1.156
9234091,-1.535
9249378,-1.751
9264650,-1.944
9279876,-2.000
9295114,-2.000
9310362,-2.000
9325635,-1.893
9340862,-1.692
9356211,-1.390
9371554,-1.410
9386888,-0.455
9402230,-1.766
9417536,2.000
9432886,-0.212
9448243,1.200
9463619,-0.161
9479035,-0.027
9494406,-0.147
9509757,-0.132
9525025,0.067
9540278,-0.091
9566377,0.017
9597799,-0.059
9615057,0.092
9630239,-0.068
9659487,-0.046
9675091,-0.084
9690318,-0.098
9705546,-0.065
9720824,-0.126
9736105,-0.062
9751333,-0.077
9766536,-0.057
9781848,-0.071
9797114,-0.108
9812410,-0.065
9827873,-0.104
9843235,-0.097
9858536,-0.113
9873880,-0.116
9889192,-0.101
9904528,-0.125
9919824,-0.122
9935318,-0.141
9950621,-0.155
9965954,-0.114
9981271,-0.002
9996607,-0.158
10011927,-0.074
10027200,-0.300
10055734,-0.258
10085361,-0.230
10104155,-0.097
10119396,-0.184
10134601,-0.236
10149954,0.082
10165243,-0.423
10180477,1.246
10195679,1.734
10213433,1.758
10228659,1.675
10243926,1.206
10259243,1.146
10274519,1.153
10289873,1.083
10305420,0.679
10320848,0.420
10336166,0.473
10351582,0.427
10366926,0.257
10382302,0.173
10397727,0.200
10413091,0.080
10428518,-0.089
10443927,-0.280
10459271,-0.649
10474611,-1.101
10489981,-1.450
10505271,-1.645
10532986,-1.755
10551757,-1.712
10578774,-1.646
10597525,-1.285
10612813,-0.954
10628148,-0.604
10643528,0.342
10658856,0.106
10674107,-0.198
10689340,0.094
10704680,-0.142
10719927,0.036
10735200,0.189
10753014,-0.018
10768360,-0.209
10783677,-0.117
10798943,-0.006
10814302,-0.098
10829761,-0.078
10845171,-0.200
10860564,-0.070
10875861,-0.071
10891263,-0.090
10906536,-0.082
10921943,-0.095
10937243,-0.091
10952651,-0.067
10967962,-0.065
10983357,-0.063
11012512,-0.060
11031641,-0.089
11047041,-0.088
11073166,-0.084
11091976,-0.074
11107277,-0.137
11122499,-0.096
11137866,-0.170
11153192,-0.018
11168448,-0.131
11183688,-0.074
11198968,-0.097
11214289,-0.110
11229680,-0.088
11244927,-0.067
11260274,-0.079
11278192,-0.139
11293641,-0.167
11308962,-0.172
11324357,-0.141
11339673,-0.202
11355064,-0.182
11370340,-0.256
11385761,-0.173
11401091,-0.159
11416396,-0.193
11431673,-0.056
11446981,0.029
11462326,-0.058
11490107,2.000
11508976,1.734
11524274,1.034
11539621,1.052
11566564,1.199
11585340,0.751
11600607,0.582
11615848,0.492
11631200,0.541
11646456,0.460
11661726,0.159
11676962,-0.032
11692318,-0.193
11707601,-0.262
11722919,-0.334
11738279,-0.659
11753574,-1.013
11768990,-1.187
11784295,-1.345
11799650,-1.446
11816102,-1.495
11829888,-1.539
11843594,-1.620
11857312,-1.593
11871035,-1.412
11884814,-1.197
11898671,-1.037
11912364,-0.943
11926070,-0.912
11940014,-0.010
11953806,0.230
11967499,-1.363
11995140,0.206
12012673,-0.500
12037271,0.111
12054418,-0.245
12068148,-0.188
12081787,-0.066
12095473,-0.080
12109114,-0.112
12122813,-0.106
12136456,-0.096
12150148,-0.132
12163787,-0.094
12177473,-0.100
12191192,-0.048
12204870,-0.102
12218613,-0.154
12232280,-0.090
12245976,-0.093
12259681,-0.156
12273364,-0.069
12291356,-0.161
12305390,-0.132
12319448,-0.103
12333403,-0.126
12347382,-0.110
12361326,-0.124
12375458,-0.099
12389418,-0.112
12403410,-0.121
12417365,-0.082
12431342,-0.120
12445289,-0.108
12473295,-0.123
12488257,-0.133
12517274,-0.109
12532289,-0.102
12546271,-0.143
12560192,-0.133
12574221,-0.172
12588132,-0.209
12602070,-0.203
12616091,-0.224
12630097,-0.199
12644077,-0.355
12658097,-0.243
12671999,-0.254
12686020,-0.269
12700077,-0.115
12714020,-0.107
12728041,-0.118
12742070,-0.182
12756077,-0.011
12772496,1.763
12786777,2.000
12801148,1.093
12815536,0.913
12829943,1.042
12844192,1.063
12858680,0.870
12872935,0.664
12887295,0.587
12901558,0.619
12929968,0.388
12959572,0.047
12974737,-0.085
12988927,-0.165
13003148,-0.214
13017326,-0.353
13031554,-0.700
13045744,-1.040
13059996,-1.308
13074192,-1.407
13088410,-1.388
13102673,-1.269
13116880,-1.320
13131091,-1.356
13145613,-1.317
13159927,-1.271
13174361,-1.229
13188705,-1.145
13202996,-1.031
13217279,-0.854
13231779,-2.000
13246041,-0.221
13260360,-0.122
13274243,-2.000
13288651,0.129
13302951,0.155
13317295,-0.117
13331596,-0.493
13345880,-0.042
13360185,0.056
13401665,-0.021
13419512,-0.058
13433761,-0.056
13447962,-0.070
13462221,-0.055
13476442,0.061
13490665,0.090
13504888,0.084
13519140,-0.010
13533365,0.026
13547613,-0.018
13561848,-0.038
13576107,-0.034
13590379,-0.049
13604641,-0.038
13618990,-0.042
13633295,-0.035
13647757,-0.062
13662176,-0.028
13676442,-0.050
13690749,-0.031
13705155,-0.019
13719448,-0.035
13733720,-0.034
13748048,-0.053
13776556,-0.033
13791375,-0.043
13805684,-0.051
13832995,-0.023
13850130,-0.053
13878986,-0.051
13893520,-0.082
13907795,-0.028
13922041,-0.085
13936301,-0.007
13950543,-0.093
13964828,-0.033
13979066,-0.110
13993322,0.020
14007554,-0.099
14021828,-0.166
14036066,-0.120
14050322,-0.332
14064592,-0.007
14078870,-0.173
14093239,-0.169
14107607,0.024
14121954,0.059
14136337,0.086
14150684,-0.095
14165171,1.773
14179554,1.568
14193884,0.930
14208207,0.904
14222655,1.124
14236972,1.104
14251301,0.882
14265578,0.692
14297357,0.423
14312452,0.323
14341740,0.135
14357985,-0.002
14372275,-0.132
14386554,-0.199
14400870,-0.296
14415188,-0.584
14429452,-0.916
14443774,-1.074
14458025,-1.107
14472275,-1.121
14486578,-1.063
14500873,-1.073
14515336,-0.958
14529716,-0.765
14544130,-0.602
14558478,-0.507
14572908,-0.445
14587346,-0.355
14601684,-0.289
14616077,-0.520
14630496,-0.439
14644958,-0.044
14659301,0.291
14673631,-0.181
14688025,-0.483
14702346,-1.645
14716774,0.130
14746130,0.071
14761520,0.043
14775803,0.665
14807247,-0.140
14821844,-0.016
14836275,-0.155
14850555,0.036
14864930,0.059
14879253,0.090
14893646,-0.004
14907972,-0.162
14922267,0.108
14936607,-0.033
14950908,0.020
14965225,-0.054
14979669,-0.025
14994025,-0.074
15008414,-0.063
15022799,-0.078
15037130,-0.044
15051520,0.032
15066010,-0.053
15080361,-0.054
15094701,-0.043
15109101,-0.034
15123478,-0.061
15137958,-0.037
15152301,-0.050
15166701,-0.023
15195684,-0.065
15211253,-0.059
15225568,-0.050
15239884,-0.087
15268716,-0.036
15283684,-0.060
15298057,-0.063
15314740,-0.046
15329111,-0.055
15343375,-0.020
15357684,-0.085
15372041,-0.061
15386452,-0.088
15400731,-0.083
15415111,-0.093
15429414,-0.100
15443908,-0.083
15458308,-0.076
15472730,-0.049
15487130,-0.156
15501655,-0.046
15516167,-0.038
15530617,-0.017
15545066,-0.112
15559501,-0.063
15573884,-0.083
15588301,-0.075
15602716,-0.084
15617087,-0.088
15647385,-0.063
15665607,-0.064
15680275,-0.072
15694578,-0.069
15708869,-0.072
15737438,-0.073
15752578,-0.065
15766870,-0.077
15781151,-0.074
15795533,-0.070
15812267,-0.068
15826568,-0.074
15841041,-0.070
15855414,-0.076
15869799,-0.064
15884180,-0.069
15898502,-0.105
15912986,-0.083
15927385,-0.117
15941828,-0.083
15956181,-0.091
15970568,-0.084
15984931,-0.103
15999375,-0.174
16013799,-0.017
16028225,-0.090
16042740,-0.298
16057111,-0.430
16071452,-0.522
16100501,-0.380
16116051,-0.416
16130375,-0.609
16144701,-0.723
16159076,-0.757
16173462,-0.537
16202267,-0.239
16217253,-0.230
16231554,-0.231
16245884,-0.224
16260187,-0.177
16274543,-0.126
16288857,-0.055
16305655,0.075
16320025,0.129
16334337,0.151
16348753,0.163
16363087,0.133
16377496,0.085
16391913,0.045
16406346,0.037
16420787,0.081
16435238,0.132
16449669,0.186
16464041,0.142
16478385,0.062
16492844,-0.049
16507278,-0.052
16521655,0.667
16551774,0.390
16569972,0.036
16584592,0.110
16598958,0.115
16613346,0.041
16627684,-0.061
16642000,0.046
16670617,-0.039
16685799,-0.050
16700144,0.064
16714452,-0.035
16728795,-0.025
16743087,-0.002
16757462,-0.014
16771818,-0.009
16786238,-0.025
16800631,-0.018
16817458,-0.023
16831799,-0.024
16846230,-0.019
16860578,-0.015
16874986,-0.023
16889424,-0.029
16903828,-0.011
16918225,-0.021
16932617,-0.057
16947024,-0.024
16961452,-0.061
16975887,-0.026
17004995,0.146
17020578,-0.086
17034986,-0.019
17049308,-0.033
17063645,-0.007
17078052,-0.055
17092452,-0.012
17106799,-0.030
17135701,-0.055
17150716,-0.011
17165056,-0.031
17179375,-0.030
17193884,-0.047
17208361,-0.006
17222730,0.165
17237110,0.324
17251554,-0.380
17265958,-0.335
17280336,0.073
17294774,0.418
17311651,1.213
17326041,1.587
17340452,1.351
17355000,1.303
17369533,1.155
17384077,1.141
17398496,0.851
17412884,0.582
17427375,0.296
17457646,-0.371
17475958,-0.475
17490669,-0.486
17505111,-0.646
17519452,-0.949
17533870,-1.352
17548308,-1.541
17562684,-1.579
17577041,-1.534
17605655,-0.883
17620827,-0.035
17635267,-0.460
17649656,0.083
17663986,-0.007
17678424,-0.177
17692828,-0.015
17707267,-0.021
17721684,-0.052
17736077,-0.018
17750452,-0.059
17764884,-0.043
17779336,-0.020
17793786,-0.035
17808301,-0.035
17837007,-0.031
17851800,-0.047
17866275,-0.034
17893087,-0.040
17910958,-0.031
17925414,-0.026
17939777,-0.025
17954188,-0.033
17968655,-0.017
17983070,-0.037
17997414,-0.046
18011884,-0.026
18026346,-0.049
18040753,-0.037
18055101,-0.095
18084025,-0.097
18099041,0.009
18113399,0.030
18127856,0.031
18142336,-0.054
18156741,-0.092
18171239,-0.088
18185592,-0.082
18200076,0.151
18214520,-0.078
18228947,-0.068
18243336,-0.120
18257870,-0.167
18272275,-0.108
18286701,-0.126
18301167,-0.136
18315740,-0.124
18346884,-0.161
18364238,-0.234
18378617,-0.093
18393025,-0.162
18407375,-0.222
18421800,-0.192
18436238,-0.171
18450607,-0.220
18465041,-0.372
18479496,-0.356
18493884,-0.443
18508301,-0.475
18522701,-0.427
18551844,0.204
18566568,0.751
18581025,0.455
18595399,0.575
18609828,0.732
18624322,0.654
18638795,0.493
18653275,0.310
18667730,0.084
18682110,-0.170
18696592,-0.082
18711025,0.080
18725452,0.098
18739869,-0.003
18754385,-0.147
18768818,-0.390
18783336,-0.615
18812617,-1.061
18828226,-1.137
18842616,-1.107
18859518,-0.959
18874025,-0.649
18888462,-0.437
18902884,-0.389
18917414,-0.396
18931844,-0.440
18946336,-0.251
18960818,0.238
18975267,0.259
18989669,0.280
19018828,0.011
19033670,-0.004
19048111,-0.076
19062533,-0.051
19077025,-0.057
19091452,-0.060
19105908,-0.071
19120308,-0.066
19134753,-0.062
19149181,-0.031
19163592,-0.037
19178025,-0.039
19192438,-0.038
19206913,-0.003
19221399,-0.031
19235913,-0.032
19265399,-0.019
19280684,-0.032
19295111,-0.025
19309617,-0.036
19324070,-0.028
19338438,-0.036
19355361,-0.027
19369913,-0.031
19384385,-0.039
19398818,0.069
19413267,-0.031
19427740,-0.036
19442188,-0.032
19456684,-0.036
19486111,-0.036
19502543,-0.039
19517152,-0.040
19531578,-0.034
19546111,-0.004
19560554,-0.031
19575057,-0.033
19589554,-0.028
19604057,-0.035
19618520,-0.035
19633010,-0.043
19647478,-0.043
19661947,-0.043
19676496,-0.039
19691101,-0.042
19721885,-0.022
19737502,-0.018
19751931,-0.032
19766424,-0.056
19780885,-0.032
19795377,-0.035
19809774,-0.032
19824301,-0.033
19838786,-0.037
19855124,-0.038
19868958,-0.034
19882828,-0.038
19896631,-0.019
19910452,-0.040
19924267,-0.034
19952753,-0.026
19966818,-0.039
19980568,-0.036
19994301,-0.031
20008225,-0.029
20022112,-0.027
20035908,-0.023
20049684,-0.033
20063452,-0.029
20077225,-0.042
20091070,-0.029
20104852,-0.034
20118631,-0.036
20132520,-0.036
20146385,-0.038
20160238,-0.036
20174102,-0.038
20187885,-0.034
20201753,-0.038
20215592,-0.034
20242462,-0.037
20259167,-0.044
20273041,-0.039
20286844,-0.042
20300636,-0.038
20314438,-0.033
20330554,-0.037
20345385,-0.038
20360238,-0.040
20375052,-0.041
20404655,-0.046
20419799,-0.036
20434669,-0.048
20449452,-0.042
20464275,-0.045
20479130,-0.043
20493930,-0.046
20508818,-0.045
20523774,-0.039
20538655,-0.042
20553533,-0.040
20568346,-0.034
20583275,-0.045
20598145,-0.042
20613025,-0.042
20627923,-0.041
20642774,-0.041
20657617,-0.039
20672496,-0.037
20687399,-0.040
20702275,-0.039
20732145,-0.045
20748076,-0.047
20762923,-0.041
20777774,-0.044
20792701,-0.044
20807617,-0.042
20822438,-0.040
20839682,-0.033
20854799,-0.040
20883995,-0.039
20899385,-0.037
20914496,-0.048
20929598,-0.037
20944716,-0.037
20959852,-0.044
20975025,-0.046
20990151,-0.038
21005346,-0.040
21020554,-0.045
21035730,-0.045
21050884,-0.042
21066101,-0.042
21081346,-0.040
21096533,-0.044
21111701,-0.035
21126908,-0.042
21142087,-0.046
21157275,-0.041
21172438,-0.041
21202730,-0.021
21218844,-0.038
21233995,-0.035
21249101,-0.040
21264238,-0.034
21279361,-0.037
21294596,-0.034
21309730,-0.038
21324930,-0.035
21340066,-0.045
21371904,-0.040
21387375,-0.040
21402543,-0.032
21417716,-0.035
21432908,-0.037
21448145,-0.062
21463452,-0.043
21478607,-0.038
21493774,-0.070
21508932,-0.015
21524188,-0.005
21539308,-0.055
21554452,-0.046
21569701,-0.051
21584947,-0.050
21600110,-0.061
21615337,-0.047
21630578,-0.048
21645857,-0.046
21676188,-0.050
21692592,-0.048
21707732,-0.062
21723010,-0.053
21738188,-0.046
21753336,-0.048
21768520,-0.053
21783686,-0.048
21798799,-0.061
21813958,-0.031
21829181,-0.048
21858414,-0.042
21873803,-0.043
21903003,-0.045
21918536,-0.040
21933710,-0.047
21948861,-0.043
21964035,-0.042
21979171,-0.040
21994410,-0.035
22009705,-0.045
22024982,-0.044
22040211,-0.046
22055361,-0.042
22070499,-0.049
22085728,-0.038
22100913,-0.041
22129200,-0.050
22147211,-0.049
22162361,-0.053
22177650,-0.074
22192813,-0.060
22208105,-0.048
22223263,-0.052
22238403,-0.051
22253554,-0.052
22268802,-0.047
22283969,-0.052
22299105,-0.050
22314332,-0.053
22329482,-0.055
22359737,-0.052
22376951,-0.060
22392235,-0.052
22407403,-0.053
22424987,-0.055
22440257,-0.051
22455528,-0.062
22470721,-0.045
22486070,-0.035
22501229,-0.050
22516448,-0.045
22531787,-0.037
22547020,-0.035
22562257,-0.037
22577489,-0.016
22606243,-0.036
22624295,-0.037
22639546,-0.037
22654761,-0.033
22669999,-0.036
22685200,-0.041
22700418,-0.028
22715574,-0.031
22730777,-0.030
22745996,-0.044
22761171,-0.028
22776361,-0.056
22791536,-0.053
22806749,-0.022
22821913,-0.021
22851954,-0.034
22867403,-0.049
22882641,-0.021
22897848,-0.030
22913064,-0.039
22928312,-0.033
22945919,-0.029
22961105,-0.030
22976304,-0.016
22991525,-0.029
23006736,-0.031
23021951,-0.016
23037148,-0.029
23052390,-0.036
23080749,-0.062
23098803,-0.037
23113996,-0.033
23129171,-0.046
23144448,-0.017
23159620,0.111
23174904,-0.050
23190077,-0.105
23205396,-0.097
23220572,0.075
23235848,-0.055
23251041,-0.111
23266221,-0.082
23281546,-0.088
23296761,-0.040
23311990,-0.256
23342006,-0.043
23357482,-0.190
23372726,-0.208
23387999,-0.171
23403200,-0.253
23418456,-0.143
23433761,-0.145
23448951,-0.255
23466584,-0.347
23481848,-0.255
23497064,-0.298
23512243,-0.269
23527434,-0.268
23556014,-0.631
23574305,0.222
23589558,1.738
23604848,1.740
23620070,1.344
23635263,1.234
23650499,1.095
23665943,1.198
23681114,1.154
23696295,0.950
23711466,0.715
23726665,0.715
23741927,0.709
23757184,0.638
23772390,0.470
23787697,0.328
23802951,0.204
23832926,-0.812
23848390,-1.464
23863613,-1.790
23878888,-1.890
23894304,-2.000
23909558,-1.948
23924813,-1.624
23940035,-1.395
23955271,-1.449
23970536,-1.126
23985904,-1.154
24003561,0.008
24031904,-0.354
24050035,-0.766
24065235,2.000
24080522,0.147
24095761,0.104
24111041,-0.012
24126274,-0.156
24141572,0.035
24156926,-0.486
24172148,0.003
24187361,-0.076
24202572,-0.428
24217813,0.032
24233091,-0.039
24248396,-0.039
24263688,-0.064
24278968,-0.026
24294302,-0.052
24324342,-0.034
24339889,-0.040
24355166,-0.043
24370380,-0.040
24385607,-0.038
24400856,-0.020
24416140,-0.043
24431312,-0.016
24446592,-0.017
24461848,0.015
24477107,-0.057
24492279,-0.064
24522564,-0.067
24538962,-0.047
24556678,-0.083
24571962,-0.032
24587200,-0.147
24602418,-0.082
24617651,-0.071
24632873,-0.072
24648183,-0.084
24663403,-0.120
24678726,-0.143
24693999,-0.097
24709235,-0.152
24724525,-0.267
24739813,-0.201
24755070,-0.167
24770473,-0.241
24785803,-0.140
24815184,-0.084
24830802,-0.224
24846097,0.062
24861418,0.108
24876726,-0.206
24891962,0.065
24907274,0.834
24922640,2.000
24937926,1.439
24953155,0.760
24968396,0.673
24998650,0.956
25014710,0.839
25029913,0.600
25045235,0.595
25060442,0.566
25075680,0.440
25090420,0.329
25105680,0.210
25120962,-0.017
25136200,-0.224
25151420,-0.565
25166651,-1.160
25181873,-1.618
25197271,-1.704
25212499,-1.682
25227824,-1.760
25243155,-1.801
25258518,-1.705
25273803,-1.491
25303574,-1.228
25319105,-0.547
25334564,-0.712
25349951,-0.869
25365200,2.000
25380418,0.165
25395726,0.555
25411171,-0.396
25426410,-0.046
25441720,-0.095
25470613,-0.291
25488799,-0.165
25504107,-0.060
25519390,-0.091
25534697,-0.084
25549913,-0.067
25565235,-0.012
25580442,-0.079
25595680,-0.015
25613596,-0.052
25628996,-0.024
25644326,-0.043
25659651,-0.060
25674913,-0.075
25690271,-0.094
25705688,-0.047
25721070,-0.030
25736482,-0.029
25751813,-0.028
25767077,-0.076
25797200,-0.042
25812777,-0.050
25828097,-0.068
25843341,-0.223
25858607,-0.076
25873962,-0.026
25889235,-0.100
25904482,-0.071
25919813,-0.102
25948418,-0.342
25966528,-0.170
25981744,-0.181
25996996,-0.107
26012229,-0.093
26027528,-0.230
26042803,0.018
26058148,-0.040
26073442,-0.009
26088761,0.240
26104077,0.033
26119473,0.021
26148902,1.431
26164646,2.000
26180041,1.356
26195375,1.262
26210799,1.130
26226111,1.030
26241519,0.775
26256908,0.572
26272239,0.493
26302385,0.621
26318000,0.485
26333275,0.115
26348592,-0.102
26363908,-0.159
26379167,-0.234
26394438,-0.587
26424887,-1.151
26440958,-1.210
26456267,-1.345
26471533,-1.532
26486774,-1.719
26502041,-1.788
26517322,-1.743
26532578,-1.515
26547844,-1.116
26563113,-1.043
26578414,-1.046
26593884,-0.734
26609130,-0.275
26624399,-0.441
26639799,-0.126
26655152,-0.190
26670607,-0.121
26688434,-0.150
26703774,-0.099
26719187,-0.071
26734502,-0.101
26749908,-0.098
26765207,-0.066
26795010,-0.065
26810543,-0.037
26825828,-0.053
26841167,-0.104
26856441,-0.124
26871774,-0.043
26903308,-0.052
26919167,-0.134
26934774,-0.107
26950010,-0.086
26965281,-0.173
26980534,-0.082
26995817,-0.120
27011077,-0.088
27026441,-0.115
27041716,-0.099
27056995,-0.129
27072267,-0.087
27087568,-0.130
27102908,-0.128
27118187,-0.170
27133520,-0.235
27148884,-0.184
27164239,-0.129
27179578,-0.221
27194923,-0.218
27212840,-0.219
27228225,-0.292
27243533,-0.212
27258827,-0.252
27287921,-0.113
27304716,-0.017
27320041,-0.064
27335361,-0.708
27350701,-0.067
27381110,2.000
27397239,1.392
27412478,1.185
27427795,1.008
27443066,0.884
27458399,0.730
27473675,0.636
27488947,0.504
27504308,0.437
27519607,0.430
27535041,0.345
27550337,0.171
27565607,0.050
27580972,-0.058
27596336,-0.057
27611774,-0.358
27627207,-0.899
27642521,-1.310
27657923,-1.546
27673276,-1.830
27688559,-2.000
27703930,-1.974
27719452,-1.900
27734857,-1.696
27752753,-1.510
27782496,-1.817
27798278,-1.136
27813617,0.080
27829011,0.074
27860655,-0.017
27876533,-0.324
27892171,0.051
27907414,-0.057
27922740,-0.035
27938010,-0.091
27953325,-0.095
27968607,-0.109
27983921,-0.079
27999267,-0.122
28014578,0.027
28029869,-0.061
28045336,-0.043
28060716,-0.033
28076041,-0.088
28091520,-0.085
28106995,-0.139
28122478,-0.101
28137958,-0.056
28153361,-0.156
28168753,-0.065
28184145,-0.094
28199496,-0.083
28214869,-0.076
28230238,-0.102
28245568,-0.144
28274731,-0.139
28292533,-0.104
28306275,-0.110
28333066,-0.135
28349645,-0.098
28363346,-0.117
28377076,-0.126
28390774,-0.147
28404454,-0.119
28418145,-0.036
28431857,-0.250
28445554,-0.177
28459336,-0.110
28473077,-0.252
28486801,-0.121
28500533,-0.165
28514346,0.037
28528077,-0.143
28541801,-0.194
28555534,-0.113
28569275,-0.278
28583052,1.425
28596857,2.000
28610578,1.731
28624375,1.003
28638088,0.971
28651857,1.000
28665578,1.064
28679291,0.919
28693105,0.702
28720111,0.467
28735607,0.428
28749275,0.476
28763041,0.282
28780981,0.022
28794958,-0.123
28809025,-0.254
28823077,-0.368
28837152,-0.735
28851110,-1.183
28879617,-1.607
28893923,-1.832
28908041,-2.000
28922077,-1.940
28936070,-1.823
28950238,-1.740
28964414,-1.639
28978385,-1.510
28992375,-1.735
29006399,-1.305
29020462,-0.609
29034502,-0.159
29048520,0.387
29062607,0.210
29076616,-0.010
29090669,-0.010
29104716,-0.276
29118730,-0.260
29132828,-0.094
29159852,0.118
29177301,-0.156
29191278,-0.072
29205278,-0.057
29219308,-0.063
29233375,-0.069
29247346,-0.046
29263710,-0.078
29278000,0.005
29292301,-0.058
29321041,-0.084
29335701,-0.060
29349985,0.000
29364301,-0.021
29378554,-0.034
29392958,0.004
29407239,-0.031
29421578,-0.117
29435884,-0.003
29450187,-0.053
29464554,-0.082
29478870,-0.104
29493181,-0.095
29507568,-0.169
29521913,-0.082
29536238,-0.061
29550533,-0.124
29564958,-0.081
29579253,-0.070
29593646,-0.031
29623799,-0.101
29638452,-0.236
29652740,-0.111
29667057,-0.227
29681336,-0.250
29695645,-0.225
29710051,-0.196
29724346,-0.053
29738716,-0.073
29770927,-0.023
29785669,-0.293
29800041,-0.525
29814438,2.000
29828716,1.995
29843000,1.029
29857301,0.969
29871655,1.117
29885958,1.095
29900238,0.889
29914543,0.784
29928869,0.688
29943180,0.666
29957543,0.670
29971930,0.418
29986253,0.329
30000568,0.118
30014885,-0.065
30029238,-0.152
30043716,-0.276
30071010,-1.106
30088740,-1.299
30103056,-1.363
30117337,-1.489
30131730,-1.623
30146066,-1.747
30160533,-1.602
30174913,-1.250
30189267,-1.146
30217909,-0.948
30232502,-1.539
30246799,-2.000
30261101,0.474
30289476,-0.137
30304267,-0.125
30318631,-0.027
30333010,-0.077
30347346,-0.098
30361740,-0.061
30376077,-0.055
30390501,-0.090
30404844,-0.070
30419336,-0.039
30433669,-0.029
30448010,-0.030
30462346,0.024
30476774,-0.045
30491181,-0.064
30505533,-0.025
30519951,-0.101
30550102,-0.075
30564740,-0.060
30579076,-0.081
30593385,-0.070
30607730,-0.089
30622052,-0.141
30649130,-0.083
30665502,-0.105
30679795,-0.087
30694110,-0.105
30708452,-0.068
30722741,-0.102
30737076,-0.132
30751438,-0.110
30765753,-0.110
30782502,-0.116
30796947,-0.161
30811275,-0.126
30825617,-0.170
30840041,-0.172
30854385,-0.124
30868716,-0.141
30883070,-0.206
30897399,-0.248
30911774,-0.204
30926130,-0.177
30940501,-0.176
30954844,-0.219
30969189,-0.078
30996568,-0.115
31014414,0.148
31028741,2.000
31043076,0.709
31057462,0.601
31071828,0.614
31098885,0.705
31115267,0.448
31129578,0.524
31143909,0.755
31158239,0.870
31172543,0.888
31186832,0.847
31201180,0.732
31215502,0.507
31229870,0.286
31244188,0.128
31258607,0.069
31273010,-0.152
31289968,-0.261
31304337,-0.554
31318731,-0.951
31333253,-1.178
31347645,-1.118
31362025,-1.133
31376414,-1.353
31390856,-1.503
31405275,-1.440
31419774,-1.293
31434152,-1.177
31464301,-0.729
31479041,-0.616
31493399,-0.712
31507828,-0.555
31522188,0.608
31549308,-0.157
31565701,-0.238
31580056,-0.005
31594375,-0.105
31608774,0.132
31623087,-0.010
31637414,0.070
31651818,-0.175
31666238,-0.024
31680568,-0.136
31694908,-0.082
31709346,0.005
31723753,-0.046
31738087,-0.025
31752501,-0.031
31766923,-0.061
31781452,-0.057
31798275,-0.043
31812740,-0.067
31827188,-0.051
31841655,-0.105
31856025,-0.043
31870478,-0.001
31885011,-0.029
31912399,-0.104
31930238,-0.071
31944655,-0.051
31959025,-0.061
31973452,-0.054
32000521,-0.043
32016958,-0.041
32031278,-0.070
32045655,-0.072
32059986,-0.136
32074301,-0.052
32088669,-0.065
32103025,-0.153
32117385,-0.052
32131731,-0.047
32146253,-0.064
32160607,-0.049
32174986,-0.051
32189336,-0.068
32203701,-0.065
32218336,-0.059
32232786,-0.071
32247267,-0.073
32261716,-0.061
32276087,-0.067
32293207,-0.052
32307592,-0.052
32322000,-0.045
32336414,-0.048
32350856,-0.025
32381144,-0.049
32395818,-0.050
32410187,-0.049
32424554,-0.046
32451730,-0.045
32468181,-0.020
32482568,-0.026
32496947,-0.042
32511301,-0.042
32525716,-0.047
32540087,-0.040
32554452,-0.043
32568828,-0.039
32583188,-0.042
32597578,-0.040
32612041,-0.041
32626502,-0.042
32640884,-0.040
32655336,-0.054
32669701,-0.047
32684087,-0.035
32698607,-0.042
32713070,-0.044
32727438,-0.041
32741828,-0.019
32756239,-0.046
32770701,-0.036
32787607,-0.037
32802070,-0.031
32829438,-0.036
32847361,-0.033
32861774,-0.039
32876189,-0.038
32903496,-0.035
32919958,-0.035
32934278,-0.035
32948655,-0.032
32963101,-0.036
32977438,-0.031
32991799,-0.029
33006144,-0.031
33020502,-0.031
33034884,-0.035
33049346,-0.036
33063730,-0.037
33078253,-0.040
33092774,-0.035
33107337,-0.032
33121800,-0.034
33136207,-0.034
33150828,-0.036
33165239,-0.039
33179655,-0.040
33194066,-0.034
33208533,-0.037
33222947,-0.040
33237414,-0.041
33251818,-0.042
33266253,-0.039
33299275,-0.038
33314010,-0.043
33328414,-0.041
33355533,-0.040
33371985,-0.042
33386414,-0.041
33400787,-0.045
33415180,-0.041
33429543,-0.041
33443986,-0.044
33458385,-0.049
33472800,-0.038
33487207,-0.042
33501669,-0.047
33516188,-0.052
33530617,-0.043
33545110,-0.044
33559607,-0.044
33574145,-0.041
33588817,-0.036
33603225,-0.044
33617645,-0.044
33632145,-0.047
33646655,-0.042
33661145,-0.045
33675655,-0.044
33690144,-0.062
33704568,-0.035
33718985,-0.043
33746346,-0.032
33764267,-0.045
33778701,-0.043
33808308,-0.046
33824800,-0.043
33839207,-0.046
33853592,-0.043
33868000,-0.040
33882452,-0.038
33896856,-0.049
33911275,-0.045
33925730,-0.042
33940238,-0.037
33954631,-0.039
33969087,-0.047
33983568,-0.034
33998070,-0.037
34012520,-0.040
34027025,-0.036
34041543,-0.044
34056010,-0.037
34070496,-0.047
34084947,-0.044
34099385,-0.039
34113800,-0.040
34128278,-0.038
34142774,-0.044
34157207,-0.039
34171716,-0.042
34186239,-0.042
34216478,-0.041
34231253,-0.046
34245684,-0.040
34274557,-0.040
34289301,-0.047
34317883,-0.045
34332740,-0.035
34347151,-0.044
34361543,-0.061
34375947,-0.044
34390375,-0.047
34404818,-0.049
34419301,-0.038
34433716,-0.038
34448275,-0.042
34462669,-0.035
34477238,-0.049
34491670,-0.036
34506152,-0.034
34520578,-0.044
34535308,-0.042
34549827,-0.043
34564301,-0.045
34578869,-0.046
34593336,-0.048
34607852,-0.050
34622308,-0.045
34636827,-0.049
34651301,-0.061
34678730,-0.035
34709346,-0.044
34725799,-0.045
34740187,-0.044
34754592,-0.044
34769056,-0.033
34783543,-0.036
34797986,-0.045
34814923,-0.041
34829424,-0.046
34843869,-0.046
34858301,-0.042
34872716,-0.036
34887187,-0.020
34901753,-0.034
34916275,-0.042
34930799,-0.034
34945346,-0.045
34959799,-0.033
34974336,-0.060
34988786,-0.045
35003267,-0.044
35017786,-0.026
35032267,-0.048
35046786,-0.002
35061414,-0.035
35075852,-0.076
35090322,-0.181
35104844,-0.448
35119301,-0.146
35162617,-0.242
35179930,0.022
35194361,0.291
35208828,0.191
35223267,0.104
35237800,0.107
35252239,0.060
35266701,0.011
35281101,-0.043
35295568,-0.044
35312555,-0.023
35327025,0.011
35341543,0.049
35356010,0.050
35370438,-0.042
35385130,0.031
35399592,1.022
35414076,0.728
35428543,0.640
35443057,0.449
35457753,-0.067
35472375,-0.152
35486885,-0.234
35501452,-0.150
35515973,-0.108
35530607,-0.026
35545101,-0.016
35559607,0.028
35574151,-0.046
35601438,-0.032
35635361,-0.031
35650414,-0.021
35665145,-0.030
35679578,-0.031
35694077,-0.032
35708501,-0.022
35722958,-0.028
35737462,-0.030
35751958,-0.027
35766414,-0.033
35780852,-0.017
35795414,-0.030
35809931,0.047
35826954,-0.695
35841438,-0.030
35855947,-0.125
35870424,-0.463
35884986,0.001
35899462,-0.032
35913986,-0.060
35928462,-0.001
35943130,-0.031
35957684,0.029
35972190,0.045
35986669,-0.070
36001267,-0.084
36015799,-0.023
36030308,-0.242
36044799,-0.652
36087616,-0.923
36104207,-0.310
36118684,-0.148
36133087,-0.241
36147578,-0.533
36162110,-0.504
36176578,-0.518
36191041,-0.414
36205502,-0.250
36219958,-0.057
36234452,0.024
36248884,0.022
36263414,0.048
36277932,0.117
36292438,0.207
36306884,0.368
36323357,0.608
36337167,0.684
36351070,0.594
36364884,0.519
36378716,0.441
36392543,0.421
36406385,0.334
36420276,0.297
36434180,0.295
36448010,0.272
36461844,0.305
36475655,0.306
36489496,0.224
36516278,0.543
36533543,-0.039
36547375,0.345
36561253,-0.347
36575066,0.008
36603336,-0.030
36617438,-0.189
36631238,0.006
36645088,-0.052
36658844,-0.041
36672646,-0.020
36686452,-0.066
36700225,-0.027
36714204,-0.029
36728000,-0.047
36741857,0.012
36755655,0.010
36769533,-0.021
36783361,-0.032
36797171,-0.031
36813322,-0.035
36828267,-0.020
36843207,-0.037
36858111,-0.038
36873025,-0.035
36887921,-0.033
36902827,-0.034
36917774,-0.037
36932669,-0.032
36947607,-0.036
36978462,-0.037
36993684,-0.029
37008554,-0.020
37023441,-0.037
37038308,-0.022
37053267,-0.014
37068207,-0.043
37083111,0.009
37112414,0.017
37127568,-0.031
37142414,-0.075
37157238,-0.031
37172110,-0.042
37186958,-0.035
37201827,-0.040
37216800,-0.040
37231669,-0.032
37246554,-0.042
37261399,-0.043
37276301,-0.041
37291151,-0.053
37306041,-0.042
37320947,-0.041
37335774,0.071
37351025,-0.042
37366238,-0.048
37381454,-0.047
37396655,-0.042
37411844,-0.055
37440070,-0.072
37458669,-0.045
37473921,-0.078
37489077,-0.060
37504336,-0.049
37519520,-0.076
37534731,-0.056
37549923,-0.065
37577844,-0.058
37595041,-0.052
37610171,-0.058
37625275,-0.063
37640438,-0.052
37655616,-0.061
37670870,-0.051
37686041,-0.061
37701267,-0.061
37716533,-0.061
37731753,-0.058
37746947,-0.060
37762144,-0.054
37777322,-0.062
37792496,-0.057
37807701,-0.055
37822995,-0.062
37838167,-0.058
37855848,-0.051
37871077,-0.054
37886375,-0.055
37901636,-0.053
37932909,-0.057
37948414,-0.050
37963617,-0.058
37978931,-0.056
37994188,-0.051
38009375,-0.034
38024568,-0.052
38052462,-0.054
38069774,-0.045
38084947,-0.062
38100171,-0.044
38115308,-0.048
38130753,-0.048
38145985,-0.046
38161144,-0.046
38176278,-0.052
38191520,-0.048
38206799,-0.033
38221995,-0.062
38237167,-0.047
38252375,-0.046
38267669,-0.032
38282958,-0.047
38298239,-0.051
38313452,-0.049
38328669,-0.044
38343995,-0.042
38359207,-0.046
38388500,-0.033
38417149,-0.044
38435824,-0.052
38451014,-0.062
38466342,-0.047
38481611,-0.052
38496840,-0.047
38526512,-0.057
38542020,-0.056
38557171,-0.062
38572437,-0.052
38587582,-0.031
38602840,-0.045
38617990,-0.042
38633166,-0.054
38648403,-0.046
38663680,-0.047
38678990,-0.049
38694247,-0.051
38709458,-0.052
38724761,-0.057
38739990,-0.052
38755247,-0.050
38770536,-0.032
38785880,-0.050
38801114,-0.062
38816360,-0.045
38831582,-0.059
38846840,-0.046
38862155,-0.050
38877399,-0.047
38908442,-0.046
38926444,-0.047
38941673,-0.046
38956926,-0.046
38972211,-0.044
39001968,-0.044
39017525,-0.046
39032749,-0.045
39047962,-0.059
39063176,-0.048
39078365,-0.048
39093564,-0.045
39108848,-0.040
39124109,-0.038
39139289,-0.037
39154528,-0.035
39169777,-0.033
39184996,-0.045
39200243,-0.036
39215488,-0.037
39230757,-0.040
39246083,-0.033
39261302,-0.019
39276627,-0.040
39291848,-0.034
39307271,-0.035
39322572,-0.028
39337919,-0.035
39353192,-0.026
39381420,-0.025
39400149,-0.009
39415362,-0.030
39430635,-0.055
39448329,-0.058
39478035,-0.025
39493554,-0.069
39508832,-0.049
39524064,-0.012
39539271,-0.037
39554473,-0.034
39569761,-0.034
39584996,-0.041
39600279,-0.033
39615528,-0.037
39630777,-0.042
39646072,-0.069
39661302,0.053
39676736,-0.004
39691962,-0.049
39707272,-0.038
39722582,-0.045
39737880,-0.034
39753192,-0.037
39768607,-0.057
39783888,-0.032
39799176,-0.017
39814442,-0.006
39829813,-0.024
39845091,-0.051
39876184,-0.136
39891761,-0.047
39906982,-0.168
39922211,-0.093
39950184,-0.060
39967512,-0.297
39985209,-0.104
40000403,-0.108
40015607,-0.084
40030814,-0.036
40046183,-0.080
40061379,-0.258
40076613,-0.187
40091880,-0.229
40107221,-0.656
40122650,1.990
40137943,2.000
40153229,1.685
40168749,1.168
40184070,0.907
40199362,0.989
40214673,1.090
40230048,1.088
40245302,0.990
40260749,0.669
40276171,0.533
40291448,0.564
40306706,0.520
40322183,0.412
40350499,0.123
40369295,-0.437
40384611,-1.125
40399880,-1.476
40427856,-1.984
40445184,-2.000
40460456,-2.000
40475761,-1.964
40491035,-1.204
40506235,-1.385
40523873,-1.848
40539140,-0.605
40554482,-0.489
40569943,-0.020
40585257,0.016
40600680,-0.102
40616035,-0.149
40631360,0.089
40646620,-0.191
40661996,0.201
40677289,-0.309
40692727,-0.134
40708114,-0.039
40723434,0.048
40738706,-0.166
40754084,0.045
40769379,-0.308
40784749,-0.062
40800057,-0.051
40815420,-0.023
40846546,-0.042
40862166,-0.086
40877442,0.008
40905458,0.060
40922787,-0.157
40938064,0.040
40953271,-0.001
40968519,-0.032
40983799,-0.046
40999048,0.006
41014271,-0.056
41029519,-0.052
41047350,-0.190
41062612,-0.056
41077880,-0.038
41093140,-0.071
41108482,-0.050
41123824,-0.069
41139211,-0.095
41154607,-0.075
41169929,-0.080
41185271,-0.163
41200688,-0.409
41216148,0.000
41231525,-0.268
41246880,-0.291
41262192,0.005
41277519,0.303
41292873,0.106
41321176,0.069
41340035,1.680
41355274,2.000
41383243,1.219
41400528,0.764
41415832,0.860
41431097,0.976
41446326,0.872
41461564,0.793
41476814,0.672
41492064,0.650
41507279,0.580
41522680,0.383
41537990,0.275
41553271,0.186
41568572,0.043
41586496,-0.243
41601888,-0.771
41617221,-1.271
41632611,-1.510
41648148,-1.778
41663456,-2.000
41678880,-2.000
41694279,-1.959
41709607,-1.781
41725077,-1.518
41740489,-1.716
41755803,-1.509
41771130,-0.004
41786428,-2.000
41817574,0.032
41833211,-0.168
41861247,-0.115
41878558,0.051
41893824,-0.044
41909132,-0.066
41924361,-0.056
41939679,-0.069
41954943,-0.077
41970171,-0.052
41985434,-0.013
42000660,0.081
42015919,-0.145
42031192,-0.141
42046489,-0.115
42061856,-0.028
42077304,-0.095
42092735,-0.124
42108148,-0.114
42126105,-0.060
42141518,-0.086
42156951,-0.036
42172357,-0.157
42187777,-0.095
42203107,-0.065
42218558,0.063
42233982,-0.159
42249403,-0.074
42264779,-0.246
42293105,-0.081
42311904,-0.059
42339999,-0.110
42357360,-0.177
42372720,-0.158
42388176,-0.063
42403442,-0.038
42418737,-0.023
42434014,0.267
42449343,-0.090
42464611,0.147
42479904,0.258
42495229,-0.028
42510554,2.000
42525990,2.000
42541410,1.659
42556802,1.360
42572200,1.156
42587512,1.234
42602919,1.035
42618456,0.750
42633943,0.590
42663633,0.523
42679478,0.472
42694884,0.313
42710253,0.173
42725579,0.099
42740947,-0.080
42756301,-0.606
42771655,-1.040
42815385,-1.766
42833554,-1.874
42848869,-1.794
42864275,-1.571
42879607,-1.685
42894908,-1.561
42910337,-1.811
42925655,-1.442
42940947,-1.358
42956238,-0.376
42971568,0.672
42986870,0.000
43002130,-0.267
43017399,-0.088
43032701,-0.056
43048187,0.006
43063520,-0.076
43078986,-0.066
43094399,-0.101
43109817,-0.001
43125167,-0.001
43140607,-0.039
43156130,-0.052
43171617,-0.042
43186958,-0.046
43204919,0.008
43220275,-0.137
43235716,0.060
43251066,-0.076
43292130,-0.028
43310731,-0.040
43326130,-0.087
43341385,-0.083
43356716,-0.032
43372025,-0.073
43387375,-0.036
43402670,-0.033
43417986,-0.003
43433322,-0.117
43448646,-0.076
43463958,-0.043
43479328,-0.200
43494669,-0.066
43510041,-0.190
43525452,-0.095
43540986,-0.234
43556322,-0.231
43571774,0.022
43587110,-0.096
43602487,-0.073
43618041,0.057
43633481,0.114
43648827,0.448
43664275,-0.383
43679684,2.000
43695041,2.000
43710452,2.000
43728361,1.788
43743731,1.444
43788669,0.595
43804543,0.588
43819922,0.784
43835238,0.865
43850578,0.606
43865884,0.425
43881239,0.117
43896533,-0.103
43911884,-0.178
43927207,-0.436
43942607,-0.920
43958000,-1.281
43973375,-1.465
43988753,-1.592
44004204,-1.692
44019637,-1.733
44035179,-1.845
44050827,-1.698
44066253,-1.556
44081669,-1.294
44097101,-1.266
44112520,-0.468
44127947,-0.656
44143361,0.688
44158774,0.255
44174151,-0.495
44189555,-0.283
44204986,-0.176
44220438,-0.228
44261130,-0.074
44279617,-0.083
44297543,-0.077
44312884,-0.045
44328188,-0.138
44343525,-0.058
44359000,-0.052
44374328,-0.048
44389670,-0.159
44405011,0.073
44420301,0.061
44435607,0.035
44450958,0.028
44466399,-0.047
44481873,-0.093
44497362,-0.047
44512884,-0.050
44528438,-0.027
44543947,-0.052
44559362,-0.099
44574836,-0.065
44590362,-0.103
44605731,-0.081
44621130,-0.104
44636502,-0.062
44651921,0.000
44667301,-0.160
44682701,-0.058
44698087,-0.137
44713478,-0.135
44758399,-0.247
44774375,0.067
44789673,0.040
44804986,0.162
44820278,0.136
44836607,0.289
44850308,0.344
44864041,1.728
44877740,2.000
44891478,1.371
44905188,1.177
44918913,0.985
44932786,0.740
44946578,0.985
44960337,0.985
44974152,0.791
44987958,0.745
45001801,0.633
45015655,0.612
45029502,0.505
45043267,0.336
45057111,0.153
45070884,0.086
45084675,0.005
45098518,-0.091
45112362,-0.344
45126188,-0.683
45139990,-1.085
45153844,-1.359
45180152,-1.723
45196827,-2.000
45210598,-2.000
45224424,-1.619
45238275,-1.918
45252066,-2.000
45265836,-1.913
45279579,-1.235
45308986,-0.149
45327799,0.139
45341884,-0.370
45355932,-0.139
45370025,0.022
45384000,0.078
45398025,-0.024
45412151,-0.091
45426187,0.095
45440166,-0.099
45454226,-0.074
45468361,-0.067
45482375,-0.079
45496438,-0.047
45510496,0.068
45524669,-0.246
45538774,-0.123
45552869,-0.198
45566947,0.167
45581041,-0.060
45595101,-0.092
45622884,-0.108
45639958,-0.098
45654025,-0.074
45668101,-0.068
45682130,0.043
45696130,-0.095
45710188,-0.082
45724308,-0.076
45751701,-0.081
45768578,-0.146
45782568,-0.094
45796607,-0.031
45813066,-0.086
45827375,-0.063
45841753,-0.110
45856113,-0.112
45870478,0.038
45884870,-0.205
45899225,-0.097
45913543,-0.252
45927852,-0.037
45942226,-0.280
45956592,0.010
45971025,0.190
45985385,-0.123
45999844,0.376
46014226,-0.037
46028578,2.000
46043000,2.000
46070783,1.316
46088670,0.976
46103025,0.743
46117308,0.874
46131656,0.819
46145985,0.742
46160375,0.717
46174741,0.592
46201554,0.345
46219346,0.128
46233655,0.020
46248025,-0.015
46262424,-0.108
46276740,-0.429
46291070,-0.992
46305364,-1.525
46322235,-1.657
46336607,-1.739
46350947,-2.000
46365278,-2.000
46379607,-2.000
46394110,-1.686
46408452,-1.666
46422869,-1.704
46437385,-1.519
46451827,-1.249
46466239,-2.000
46480617,-0.480
46495025,0.108
46522947,0.020
46540995,0.233
46555325,-0.177
46569684,-0.101
46584105,-0.062
46598452,-0.117
46612799,-0.113
46627152,-0.078
46655347,-0.068
46673578,-0.034
46687923,-0.061
46702267,0.164
46716631,-0.380
46730958,-0.137
46745336,-0.122
46759730,0.020
46774052,-0.073
46788414,-0.077
46802799,-0.071
46817276,-0.058
46845710,-0.056
46860452,-0.063
46874799,-0.061
46889152,-0.056
46903478,-0.094
46917884,-0.062
46932308,-0.100
46946828,-0.043
46961253,-0.079
46988438,-0.079
47006336,-0.010
47020701,-0.216
47035110,-0.072
47049543,-0.137
47063885,-0.151
47078238,-0.113
47107301,-0.011
47122870,-0.065
47137267,-0.203
47151655,-0.050
47166000,-0.254
47180346,-0.009
47194669,-0.311
47209025,0.223
47223346,0.455
47237844,1.531
47252267,2.000
47266617,0.722
47280958,0.737
47295301,0.796
47309716,0.610
47324190,0.612
47341010,0.489
47355375,0.621
47369799,0.634
47384275,0.664
47398631,0.612
47413171,0.309
47441066,0.050
47458958,-0.020
47473308,-0.086
47487753,-0.173
47502145,-0.393
47516543,-0.802
47530885,-1.177
47560753,-1.580
47576578,-1.484
47590921,-1.353
47605275,-1.295
47619774,-1.193
47634112,-1.232
47648452,-1.290
47662799,-1.414
47677189,-0.893
47691533,-0.987
47705908,-0.488
47720278,-0.479
47734646,1.998
47748986,-0.015
47763336,0.213
47777753,-0.241
47792238,-0.318
47806617,-0.016
47821057,-0.043
47835438,0.067
47852247,-0.125
47866631,-0.109
47893817,-0.077
47912000,-0.079
47926385,-0.076
47940774,-0.049
47955155,0.051
47969520,-0.090
47983995,-0.133
48013238,-0.116
48028753,-0.061
48043110,-0.070
48057502,-0.116
48071844,-0.074
48086238,-0.084
48100655,-0.063
48115130,-0.076
48129543,-0.082
48143986,-0.079
48158361,-0.084
48172774,-0.075
48187151,-0.098
48201543,-0.071
48215931,-0.092
48230336,-0.060
48244827,-0.056
48259336,-0.061
48273753,-0.097
48288187,-0.019
48302607,-0.105
48317111,-0.140
48344730,-0.153
48365184,-0.101
48379554,-0.072
48393995,-0.201
48408375,-0.003
48422800,-0.261
48437181,-0.271
48466171,-0.146
48481753,-0.083
48496152,-0.039
48510592,0.093
48524986,0.031
48539346,-0.121
48553795,0.305
48568181,1.240
48582578,0.895
48596958,1.029
48611336,0.932
48625716,0.874
48640187,1.036
48654631,0.770
48669010,0.465
48683424,0.282
48697828,0.354
48712225,0.269
48726617,0.335
48741077,0.267
48755502,0.138
48769923,-0.056
48797857,-0.309
48815852,-0.579
48830267,-0.837
48844631,-1.084
48859025,-1.187
48875852,-1.125
48890301,-0.993
48920207,-0.620
48936087,-0.435
48950462,-0.390
48964908,-0.315
48979322,-0.250
48993730,-0.422
49008110,-0.392
49022578,-0.094
49037000,-0.286
49051478,-0.110
49065932,-0.470
49080375,0.548
49094753,1.138
49109275,0.067
49123669,-0.171
49138152,-0.134
49152631,0.024
49167130,-0.042
49181578,-0.038
49196041,-0.048
49210452,-0.112
49224908,-0.051
49251869,-0.027
49270111,0.132
49284520,-0.074
49298958,-0.057
49313375,-0.093
49327774,-0.082
49342275,-0.078
49369884,-0.083
49389701,-0.082
49404130,-0.108
49418502,-0.089
49432947,-0.084
49447361,-0.094
49461753,-0.085
49476188,-0.095
49490617,-0.090
49505052,-0.096
49519496,-0.097
49534000,-0.098
49548520,-0.099
49562958,-0.107
49577452,-0.099
49592041,-0.090
49606496,-0.094
49621041,-0.096
49635592,-0.102
49650101,-0.091
49664533,-0.097
49679000,-0.077
49706646,-0.088
49724617,-0.104
49739130,-0.086
49753578,-0.079
49768010,-0.077
49782424,-0.090
49796870,-0.070
49823607,-0.056
49841543,-0.065
49855931,-0.023
49870338,-0.070
49887253,-0.039
49901701,0.004
49916188,-0.088
49930645,-0.062
49945144,-0.035
49959578,-0.062
49974000,-0.059
49988520,-0.017
50002958,-0.050
50017375,-0.046
50031799,-0.028
50046275,-0.008
50060818,-0.047
50075301,-0.021
50089774,-0.023
50104308,-0.029
50118786,-0.021
50133375,-0.024
50161239,-0.017
50179204,-0.096
50193631,-0.052
50208070,-0.053
50222478,-0.034
50236921,-0.049
50251346,-0.052
50279520,-0.059
50307869,-0.056
50322375,-0.059
50336799,-0.050
50351238,-0.053
50365669,-0.061
50380111,-0.065
50397087,-0.054
50411554,-0.059
50425986,-0.067
50440452,-0.056
50454958,-0.053
50469414,-0.052
50483844,-0.050
50498308,-0.055
50512844,-0.056
50527346,-0.048
50541818,-0.052
50556375,-0.049
50570869,-0.056
50585375,-0.049
50599913,-0.050
50628730,-0.058
50645543,-0.047
50660025,-0.050
50674478,-0.050
50688995,-0.044
50703452,-0.054
50717947,-0.051
50746238,-0.032
50763543,-0.058
50777958,-0.062
50792414,-0.051
50806827,-0.047
50821267,-0.047
50835670,-0.051
50850152,-0.044
50864592,-0.035
50879076,-0.048
50907668,-0.046
50922543,-0.053
50937010,-0.051
50951496,-0.052
50966000,-0.043
50980568,-0.039
50995077,-0.047
51009568,-0.043
51024275,-0.042
51038795,-0.043
51053278,-0.050
51067795,-0.045
51095496,-0.050
51113645,-0.049
51128181,-0.049
51142655,-0.047
51157101,-0.061
51171578,-0.051
51200631,-0.045
51216308,-0.050
51230730,-0.043
51245226,-0.045
51259669,-0.054
51274152,-0.053
51288592,-0.048
51303076,-0.052
51317592,-0.047
51332076,-0.046
51346520,-0.047
51361010,-0.051
51375502,-0.049
51389986,-0.041
51407000,-0.049
51421534,-0.044
51436041,-0.049
51450520,-0.046
51465025,-0.056
51479543,-0.032
51494052,-0.046
51508568,-0.050
51523110,-0.062
51550958,-0.048
51568958,-0.061
51583452,-0.049
51597913,-0.052
51612399,-0.049
51626852,-0.048
51656800,-0.051
51672730,-0.054
51687225,-0.051
51701669,-0.048
51716152,-0.048
51730592,-0.052
51745057,-0.050
51759502,-0.053
51773986,-0.045
51788438,-0.050
51802986,-0.036
51817438,-0.045
51831908,-0.047
51846438,-0.047
51860986,-0.051
51875520,-0.055
51890057,-0.046
51907207,-0.043
51921774,-0.048
51936267,-0.051
51950800,-0.052
51965278,-0.044
51979828,-0.049
52006869,-0.110
52025187,-0.063
52039669,-0.051
52054188,-0.066
52068669,-0.083
52083187,-0.068
52112568,-0.083
52128275,-0.069
52142730,-0.083
52157225,-0.093
52171716,-0.080
52186238,-0.094
52200701,-0.091
52215230,-0.073
52229799,-0.078
52244301,-0.081
52258844,-0.078
52273375,-0.074
52287869,-0.081
52302414,-0.078
52316913,-0.077
52331438,-0.073
52345972,-0.088
52360496,-0.064
52375041,-0.074
52389631,-0.074
52406740,-0.074
52421337,-0.063
52435908,-0.072
52463684,-0.190
52481730,0.015
52496253,-0.134
52510740,-0.147
52525267,0.048
52539753,-1.322
52568884,-1.551
52584578,-1.360
52599087,-1.194
52613543,-1.163
52628070,-1.031
52642554,-0.935
52657144,-0.901
52671631,-0.861
52686152,-0.785
52700716,-0.665
52715238,-0.508
52729740,-0.383
52744267,-0.273
52758753,-0.190
52773275,-0.104
52787923,-0.019
52802452,0.085
52817010,0.201
52831592,0.289
52846130,0.299
52860631,0.282
52875130,0.269
52889631,0.238
52917478,0.182
52937434,0.101
52951267,0.125
52965101,0.164
52978923,0.268
52992757,0.393
53006578,0.479
53034152,0.450
53051774,0.173
53065607,0.038
53079414,-0.032
53093256,-0.140
53107052,0.486
53120884,1.416
53134799,-0.511
53148631,-0.597
53162462,-0.140
53176322,-0.054
53190151,-0.005
53204070,-0.091
53217885,-0.058
53231730,-0.071
53245568,-0.071
53259441,-0.068
53273346,-0.056
53287278,-0.058
53301087,-0.061
53315010,-0.026
53328884,-0.090
53355399,-0.034
53372799,-0.038
53386631,-0.029
53400462,-0.076
53414322,-0.016
53430454,-0.034
53445452,-0.042
53460336,-0.051
53475278,-0.041
53490144,-0.018
53505056,-0.056
53519932,-0.018
53534828,-0.032
53549719,-0.047
53579385,-0.055
53594947,0.056
53609930,-0.312
53624818,-0.430
53639774,0.115
53654646,0.243
53669554,1.095
53684444,1.359
53699336,1.484
53714301,1.168
53729171,1.043
53744052,0.894
53758958,0.549
53773827,0.356
53788730,0.150
53817101,-0.081
53835568,-0.652
53850462,-1.064
53865385,-1.236
53880275,-1.354
53895188,-1.698
53910077,-1.833
53925041,0.583
53939908,-0.527
53954716,-0.076
53969985,0.012
53985187,-0.093
54000375,-0.061
54015655,-0.033
54044673,-0.064
54063774,-0.099
54078958,-0.102
54094179,0.013
54109375,-0.057
54124578,-0.062
54139802,-0.040
54154995,-0.097
54170145,-0.008
54185375,-0.031
54200568,-0.021
54215800,-0.023
54231000,-0.037
54246238,-0.029
54261438,-0.033
54289187,-0.057
54307923,-0.023
54323152,-0.020
54338337,-0.053
54353554,-0.074
54368774,-0.077
54384041,-0.070
54399238,-0.046
54414452,0.029
54429634,-0.055
54444870,-0.106
54460077,-0.084
54477865,-0.070
54493066,-0.086
54520631,-0.091
54539375,-0.107
54554701,-0.096
54569923,-0.043
54585152,-0.115
54600375,-0.106
54615617,-0.164
54630844,-0.085
54646111,-0.278
54661301,-0.141
54676557,-0.139
54691799,-0.188
54707057,-0.125
54722322,0.087
54737533,-0.293
54766110,-0.197
54784884,0.224
54800151,1.697
54815405,0.843
54830592,0.393
54845817,0.304
54861101,0.422
54876362,0.221
54891636,0.096
54906857,0.081
54922066,0.041
54937267,-0.094
54952533,-0.253
54967800,-0.425
54983025,-0.515
55029359,-1.146
55044999,-1.207
55060342,-1.070
55075679,-0.671
55090954,-0.289
55106211,-0.024
55121473,1.122
55136726,2.000
55151996,-0.599
55167312,0.433
55182564,-0.176
55197832,0.075
55213140,0.032
55228365,-0.045
55256176,-0.058
55274999,-0.049
55290271,-0.040
55305525,-0.041
55320813,-0.042
55336057,-0.018
55351318,-0.043
55366558,-0.040
55381840,-0.033
55397077,-0.045
55412332,-0.043
55427572,-0.042
55442840,-0.042
55470659,-0.047
55487982,-0.036
55503243,-0.043
55518489,-0.046
55533757,-0.039
55549035,-0.042
55566688,-0.083
55581954,-0.036
55597289,-0.050
55612556,-0.036
55627888,-0.061
55643148,-0.039
55658379,-0.043
55673641,-0.041
55688888,-0.044
55704184,-0.044
55733279,-0.039
55752097,-0.037
55767340,-0.037
55782607,-0.041
55797873,-0.036
55813140,-0.033
55828456,-0.039
55843813,-0.036
55859070,-0.042
55874420,-0.029
55889659,-0.018
55904926,-0.042
55920185,-0.040
55948035,-0.039
55965340,-0.026
55980588,-0.040
55995832,-0.023
56011107,-0.029
56026341,-0.036
56041588,-0.025
56056832,-0.026
56072107,-0.029
56089832,-0.019
56105140,-0.027
56120379,-0.033
56135641,-0.044
56150888,-0.029
56166184,-0.029
56181466,-0.031
56210541,-0.032
56229340,-0.032
56244641,-0.031
56259962,-0.030
56275271,-0.046
56290522,-0.042
56305840,-0.029
56321132,-0.024
56336396,-0.034
56351641,-0.047
56366954,-0.027
56382211,-0.013
56397477,-0.051
56425350,-0.016
56442697,-0.026
56457951,-0.044
56473304,-0.027
56488546,-0.029
56503919,-0.038
56519271,-0.030
56534528,-0.418
56549787,-0.054
56565070,0.038
56580302,-0.053
56595564,0.031
56613279,-0.040
56628574,-0.014
56643927,-0.069
56659235,-0.004
56688279,-0.042
56707064,-0.017
56722340,-0.053
56737627,-0.087
56752913,0.028
56768221,-0.070
56783499,-0.067
56798824,-0.113
56814114,-0.135
56829420,-0.161
56844802,-0.107
56860107,-0.138
56875380,-0.157
56903271,-0.301
56920638,-0.260
56935943,-0.223
56951243,0.085
56966607,-0.195
56981962,-0.094
56997272,-0.161
57012546,-0.386
57027880,-0.558
57043271,-0.421
57058564,0.960
57073927,2.000
57089235,1.509
57104659,1.144
57120048,0.737
57137880,1.000
57166968,1.297
57185720,1.069
57201020,0.797
57216379,0.633
57231697,0.537
57246976,0.454
57262274,0.397
57277546,0.241
57292866,0.060
57308155,-0.304
57323448,-0.841
57338734,-1.318
57354035,-1.394
57381927,-1.982
57399271,-2.000
57414677,-2.000
57429996,-2.000
57445350,-1.785
57460641,-2.000
57475927,-1.597
57491360,-0.323
57506650,-1.992
57521954,-0.608
57537257,0.511
57552528,-0.472
57567803,-0.676
57583109,0.052
57598379,-0.267
57613680,-0.105
57642824,-0.114
57661566,-0.093
57676935,-0.106
57694722,-0.084
57710105,-0.032
57725448,-0.038
57740777,-0.073
57756130,0.092
57771403,-0.130
57786726,-0.070
57802070,-0.075
57817382,-0.127
57832688,-0.077
57860613,-0.037
57877962,-0.127
57893304,-0.085
57908582,-0.102
57923926,-0.139
57939257,-0.050
57954554,-0.117
57969927,-0.111
57985272,-0.084
58000635,-0.168
58015982,-0.102
58031279,-0.223
58046613,-0.114
58061927,-0.089
58077271,-0.331
58092558,-0.207
58121749,-0.156
58140596,-0.154
58155919,0.108
58171211,-0.319
58186554,-0.626
58201888,-0.676
58219686,0.903
58235014,2.000
58250360,1.790
58265673,1.502
58281020,0.835
58296326,0.479
58311737,0.706
58339650,1.020
58357072,1.108
58372379,0.889
58387840,0.654
58403155,0.426
58418489,0.197
58433888,0.116
58449235,-0.007
58464641,-0.483
58480097,-0.857
58495418,-1.197
58510739,-1.533
58526035,-1.795
58541448,-1.859
58556848,-1.850
58572205,-1.917
58601312,-1.859
58620183,-2.000
58635512,-1.527
58650880,-0.807
58666211,-0.332
58681556,0.374
58696888,0.210
58712235,-0.206
58727558,-0.167
58742919,-0.043
58760802,-0.113
58776235,-0.220
58791558,-0.017
58819499,0.015
58836913,-0.050
58852332,-0.081
58867650,-0.053
58883072,-0.070
58898380,-0.148
58913726,-0.098
58929057,-0.040
58944396,0.026
58959726,-0.037
58975109,-0.041
58990418,-0.055
59005779,-0.071
59021091,-0.078
59036410,-0.038
59051734,-0.030
59080943,0.038
59099720,-0.109
59115070,-0.164
59130456,-0.026
59145813,-0.063
59161149,-0.119
59176489,-0.109
59191832,-0.038
59207184,-0.209
59222512,-0.154
59237880,-0.082
59253211,-0.182
59268556,-0.184
59312718,0.015
59328496,0.435
59343844,0.283
59359238,0.402
59374578,0.671
59389947,2.000
59405337,0.499
59420753,1.005
59436110,0.758
59451478,0.391
59466827,0.588
59482204,0.833
59497596,0.878
59512947,0.773
59528301,0.692
59543655,0.545
59572753,0.386
59591554,0.370
59606908,0.192
59622267,-0.100
59637607,-0.496
59652995,-1.219
59668322,-1.859
59683684,-2.000
59699052,-2.000
59714438,-2.000
59729799,-2.000
59745171,-1.981
59773110,-1.695
59790533,-1.673
59805958,-2.000
59821336,-2.000
59836684,0.188
59852077,-0.445
59869947,-0.464
59885336,-0.048
59900684,0.052
59916070,-0.074
59931452,-0.150
59946844,-0.097
59962207,-0.073
59977578,-0.067
59992947,-0.060
60008364,-0.090
60023753,-0.078
60052930,-0.036
60071757,-0.080
60087152,-0.041
60102496,-0.084
60117884,-0.064
60133267,-0.074
60148645,-0.099
60164010,-0.053
60179385,-0.038
60194757,-0.053
60210144,-0.029
60225496,-0.050
60253462,-0.063
60270869,-0.119
60286253,-0.135
60301596,-0.032
60316986,0.053
60332414,-0.146
60347774,-0.229
60363181,0.014
60378617,-0.044
60396502,-0.038
60411958,-0.041
60427308,0.367
60442684,0.007
60458052,0.157
60473414,0.609
60488884,0.644
60504301,2.000
60533438,0.951
60552361,1.064
60567722,0.952
60583130,0.964
60598478,0.929
60613870,0.674
60629239,0.732
60644646,0.754
60660010,0.736
60675385,0.580
60690731,0.412
60706101,0.311
60734025,0.052
60751438,-0.418
60766869,-1.059
60782253,-1.478
60797598,-1.619
60812972,-1.797
60828322,-2.000
60843730,-2.000
60859066,-2.000
60874519,-1.952
60889884,-1.962
60905267,-1.736
60920607,-1.492
60938574,-0.857
60953958,-1.168
60969375,0.976
60984844,-0.496
61014102,-0.116
61032958,-0.070
61048385,-0.127
61063799,-0.065
61079204,-0.126
61094592,-0.444
61110025,-0.259
61125414,0.271
61140828,-0.007
61156239,0.122
61171607,-0.011
61187010,-0.147
61215076,-0.135
61232520,-0.152
61247958,-0.090
61263346,-0.106
61278774,-0.107
61294253,-0.079
61309655,-0.062
61325025,-0.125
61340438,-0.107
61355827,-0.095
61371253,-0.126
61386634,-0.149
61402070,-0.150
61417454,-0.202
61432884,-0.189
61448278,-0.239
61464641,-0.104
61492308,-0.165
61509578,-0.182
61523444,-0.365
61537275,-0.152
61551077,-0.159
61564884,0.025
61578777,-0.001
61592568,0.375
61606375,0.143
61620162,0.602
61633947,2.000
61647757,1.987
61661554,0.899
61675399,1.161
61689188,1.265
61703010,1.033
61716799,1.269
61745041,0.585
61759110,0.544
61772884,0.619
61786648,0.575
61800424,0.487
61814181,0.375
61827947,0.276
61841701,0.301
61855496,0.177
61869267,-0.281
61883057,-0.979
61896818,-1.428
61924424,-1.750
61941646,-2.000
61955385,-2.000
61973361,-2.000
61987385,-1.932
62001385,-2.000
62015496,-2.000
62029578,-1.610
62043631,-0.769
62057716,-1.565
62071795,-0.170
62085869,0.543
62099958,-0.244
62114041,-0.452
62128130,-0.038
62142181,-0.028
62156322,-0.194
62170399,-0.126
62184520,-0.084
62198607,-0.069
62212716,-0.100
62241145,-0.045
62255543,0.084
62269578,-0.044
62283631,-0.088
62297716,-0.146
62311795,-0.046
62325827,-0.033
62339930,-0.075
62371462,-0.062
62385828,-0.069
62399844,-0.087
62413908,-0.048
62427923,-0.077
62441958,-0.080
62456041,-0.075
62469947,-0.081
62484337,-0.156
62498730,-0.083
62513130,-0.110
62527543,-0.085
62541947,-0.058
62556375,-0.145
62570844,-0.066
62585267,-0.038
62599646,-0.185
62614070,-0.019
62628441,-0.188
62642870,-0.049
62657275,-0.148
62684278,-0.306
62700669,-0.244
62715035,-0.084
62729385,-0.083
62743730,-0.054
62758087,0.179
62772452,0.764
62801414,0.914
62819225,0.955
62833543,0.782
62847884,0.748
62862188,0.922
62876533,0.771
62890856,0.766
62905190,0.965
62919568,0.533
62933986,0.616
62948322,0.408
62965084,0.258
62979438,0.231
62993844,0.256
63008239,0.144
63022646,-0.066
63037041,-0.473
63051452,-0.808
63065844,-0.982
63080267,-1.152
63094646,-1.269
63109070,-1.377
63136066,-1.329
63152496,-1.131
63166885,-0.936
63181267,-0.804
63195607,-0.620
63209986,-0.459
63224322,-0.234
63256076,-0.326
63270701,-0.304
63285070,-0.358
63299375,-0.513
63313730,-0.672
63328088,0.356
63342452,0.082
63356799,0.024
63371188,-0.084
63385578,-0.264
63399986,-0.073
63414322,-0.170
63428740,-0.025
63443145,-0.062
63457568,-0.013
63486084,-0.076
63500908,-0.067
63515308,-0.072
63529730,-0.066
63544167,-0.076
63558616,-0.091
63587336,-0.068
63602025,-0.024
63616375,-0.117
63630753,-0.188
63645188,-0.087
63659568,-0.073
63673923,-0.057
63702947,-0.060
63720753,-0.080
63735130,-0.068
63749478,-0.069
63763844,-0.069
63778207,-0.087
63792592,-0.069
63806999,-0.068
63821375,-0.067
63835786,-0.076
63850238,-0.072
63864631,-0.068
63879076,-0.087
63893462,-0.093
63907921,-0.061
63922346,-0.068
63936774,-0.070
63951207,-0.050
63965630,-0.087
63982502,-0.055
63996947,-0.071
64011385,-0.011
64041909,-0.084
64056578,-0.016
64070986,-0.119
64085375,-0.100
64099795,-0.118
64114188,-0.090
64128568,-0.069
64160452,-0.075
64175190,-0.081
64189543,-0.074
64203921,-0.071
64218275,-0.074
64232655,-0.066
64247010,-0.049
64261452,-0.060
64275885,-0.060
64290301,-0.063
64304669,-0.070
64319087,-0.064
64333520,-0.070
64347986,-0.084
64362424,-0.072
64376870,-0.055
64391308,-0.065
64405774,-0.089
64420226,-0.063
64434669,-0.039
64449110,-0.052
64463554,-0.062
64495844,-0.049
64510568,-0.056
64525000,-0.054
64539414,-0.059
64553799,-0.064
64568238,-0.053
64597278,-0.075
64615152,-0.051
64629502,-0.065
64643908,-0.059
64658275,-0.062
64672701,-0.061
64687077,-0.059
64701502,-0.054
64715913,-0.056
64730337,-0.059
64744786,-0.054
64759190,-0.060
64773617,-0.056
64788070,-0.062
64802502,-0.056
64816947,-0.081
64831385,-0.052
64845844,-0.059
64860278,-0.057
64874740,-0.056
64889188,-0.060
64903645,-0.053
64918087,-0.056
64946884,-0.057
64961592,-0.054
64976057,-0.055
64992923,-0.049
65007336,-0.061
65021786,-0.058
65053716,-0.061
65068424,-0.050
65082844,-0.058
65097253,-0.048
65111655,-0.067
65126052,-0.062
65140452,-0.070
65154852,-0.072
65169336,-0.058
65183786,-0.066
65198238,-0.071
65212669,-0.051
65227130,-0.071
65241592,-0.070
65256056,-0.065
65270520,-0.070
65285025,-0.070
65299502,-0.069
65313995,-0.071
65328462,-0.066
65342947,-0.075
65357424,-0.072
65371921,-0.069
65400701,-0.070
65415414,-0.069
65429799,-0.069
65444253,-0.069
65458631,-0.066
65487568,-0.066
65507884,-0.073
65522301,-0.066
65536701,-0.068
65551111,-0.070
65565502,-0.073
65579908,-0.068
65594308,-0.069
65608730,-0.072
65623181,-0.068
65637631,-0.066
65652052,-0.067
65666501,-0.066
65680985,-0.070
65695452,-0.076
65709923,-0.071
65724375,-0.075
65738852,-0.023
65753336,-0.084
65767818,-0.051
65782301,-0.087
65796787,-0.057
65811275,-0.089
65825753,-0.074
65854568,-0.079
65869322,-0.134
65883774,-0.093
65898207,-0.070
65912631,-0.071
65944554,-0.076
65959301,-0.074
65973701,-0.077
65988102,-0.076
66005000,-0.091
66019452,-0.079
66033972,-0.078
66048502,-0.075
66062947,-0.076
66077424,-0.079
66091885,-0.073
66106336,-0.089
66120818,-0.065
66135336,-0.080
66149818,-0.079
66164336,-0.073
66178818,-0.073
66193336,-0.070
66207885,-0.073
66222375,-0.074
66236844,-0.074
66251336,-0.068
66265885,-0.076
66280375,-0.078
66309087,-0.075
66323828,-0.073
66338239,-0.066
66352646,-0.074
66381655,-0.078
66399462,-0.076
66413786,-0.074
66428152,-0.074
66442452,-0.066
66456795,-0.065
66471088,-0.074
66485375,-0.090
66502276,-0.066
66516616,-0.066
66531112,-0.073
66545462,-0.066
66559885,-0.060
66574267,-0.074
66588655,-0.068
66603144,-0.067
66617568,-0.060
66632010,-0.064
66646346,-0.063
66660716,-0.077
66675066,-0.073
66689452,-0.069
66703923,-0.068
66718452,-0.048
66732884,-0.064
66761416,-0.070
66776167,-0.063
66790533,-0.068
66804884,-0.065
66836462,-0.065
66851110,-0.064
66865502,-0.067
66879869,-0.064
66894238,-0.067
66908554,-0.065
66922930,-0.067
66937275,-0.067
66951617,-0.069
66966041,-0.065
66980414,-0.066
66997336,-0.067
67011774,-0.072
67026151,-0.062
67040533,-0.070
67054958,-0.071
67069399,-0.077
67083799,-0.064
67098275,-0.068
67112631,-0.068
67127041,-0.064
67141502,-0.066
67155947,-0.065
67170385,-0.073
67184795,-0.078
67213336,-0.070
67228025,-0.069
67242385,-0.064
67271130,-0.071
67288947,-0.070
67303301,-0.067
67317701,-0.053
67332076,-0.071
67346424,-0.071
67360795,-0.065
67375145,-0.066
67389533,-0.069
67403884,-0.049
67418253,-0.063
67432670,-0.062
67447057,-0.067
67461557,-0.063
67476057,-0.064
67504710,-0.070
67519496,-0.070
67533923,-0.072
67548336,-0.076
67562799,-0.031
67577275,-0.035
67591740,-0.067
67606238,-0.066
67620631,-0.077
67647462,-0.053
67663908,-0.053
67678278,-0.073
67692646,-0.077
67707056,-0.067
67738655,-0.065
67753375,-0.048
67767716,-0.054
67782253,-0.066
67796592,-0.065
67810972,-0.063
67825462,-0.077
67839844,-0.065
67854188,-0.060
67868533,-0.068
67882958,-0.086
67897496,-0.067
67911884,-0.076
67926301,-0.062
67940740,-0.047
67955275,-0.054
67969931,-0.055
67984414,-0.074
68001414,-0.047
68015930,-0.052
68030424,-0.041
68044947,-0.048
68059375,-0.050
68073817,-0.044
68100617,-0.054
68117076,-0.048
68131452,-0.050
68145870,-0.058
68174730,-0.055
68192646,-0.056
68207025,-0.053
68221424,-0.055
68235818,-0.067
68250238,-0.049
68264669,-0.065
68279087,-0.065
68293462,-0.063
68307885,-0.054
68322385,-0.059
68336795,-0.058
68351267,-0.047
68365686,-0.058
68380112,-0.045
68394534,-0.042
68409000,-0.048
68423533,-0.058
68437999,-0.043
68452416,-0.036
68466923,-0.030
68481336,-0.044
68498276,-0.034
68512800,-0.042
68527275,-0.051
68554238,-0.053
68570731,-0.019
68585152,-0.033
68599534,-0.065
68631267,-0.061
68645958,-0.034
68660337,-0.045
68674774,-0.043
68689253,-0.048
68703631,-0.060
68718111,-0.051
68732502,-0.033
68746921,-0.041
68761308,-0.031
68775795,-0.043
68790267,-0.042
68804684,-0.057
68819110,-0.047
68833645,-0.054
68848238,-0.032
68862684,-0.041
68877239,-0.040
68891800,-0.048
68906239,-0.046
68920753,-0.056
68935188,-0.071
